32
0.18936400 -0.34008000
0.31758200 0.40063000
0.00903428 -0.37434000
-0.21124700 -0.08741820
-0.36328000 -0.43687600
0.33291100 -0.04052820
-0.49970400 -0.09869600
-0.43663000 0.12511500
-0.26837500 0.40422500
0.37728700 0.11086400
-0.18975300 -0.43411500
-0.48250600 -0.30842600
-0.13179200 -0.26574100
0.49235500 0.47500100
0.42711400 0.26635400
0.37090100 -0.24554700
-0.31862800 -0.24432000
0.02879450 0.27314400
0.04699840 -0.19358200
-0.16154700 0.27910400
0.18745700 0.13190500
-0.35758100 -0.03301080
0.19744000 0.29668700
0.21454900 -0.15357100
-0.06650600 -0.05443540
0.12811500 0.47731600
0.33646100 -0.43140000
0.09921190 0.00607759
-0.05305180 0.44544500
-0.39892000 0.30706200
-0.06095580 0.12207700
-0.25435800 0.13223200