64
0.16914500 0.03865330
-0.18599500 0.12891000
-0.33949000 -0.07929130
0.46276000 0.26089400
-0.14555200 -0.23657300
0.02382560 -0.40556900
-0.12388600 -0.37030500
-0.36297100 0.17069000
-0.15521500 0.42105700
0.12082400 -0.30798700
0.47381800 -0.18262100
0.05882570 0.28990200
0.42593500 0.04988550
0.18165400 -0.40046500
-0.23570100 -0.45028000
-0.06343560 -0.05378760
-0.30054000 0.44889500
-0.47561100 -0.06744120
0.27591500 -0.30610000
0.30878300 0.31793800
-0.43197600 0.04322680
-0.46146900 -0.31194400
0.22082300 0.48983600
0.36676800 0.17863100
-0.07761080 0.06874050
0.43883100 0.36045500
-0.01210630 0.17083500
-0.24254300 -0.31853300
-0.35023200 -0.34708800
0.08191250 0.49015400
0.34700700 -0.18083700
0.24516200 -0.07076280
-0.39442700 -0.46397700
-0.40244700 0.29623300
-0.20657100 -0.00285104
-0.06457980 0.31579300
0.24474400 0.17248800
0.32878800 0.44304200
-0.02097480 -0.28866600
0.40715100 -0.30340300
-0.08692060 -0.47918800
-0.40150200 -0.19901100
0.04443170 0.02485010
0.09260740 -0.19953500
-0.25475600 0.34622000
-0.26848000 0.23358400
-0.00398004 0.41603200
-0.03452200 -0.16271600
0.38275600 -0.06430740
0.29766500 0.05252960
0.15961100 0.38493000
-0.14090000 0.24279000
-0.28150000 -0.19772900
0.45914900 0.47610600
-0.30685600 0.05622170
-0.18739400 -0.11503200
0.21961000 -0.19201000
0.11079300 0.15561900
-0.48974200 0.15522800
0.18730100 0.27639900
0.10202200 -0.08547970
0.33154300 -0.42511700
0.47246600 -0.41633300
-0.42490700 0.40949100